482 6 1
482 6 1
482 6 1
524 -109 865 10 -11 10
1
524 -110 864 10 -11 10
1
525 -109 865 10 -11 9
1
524 -110 864 10 -11 9
1
524 -110 864 10 -11 9
1
524 -109 865 10 -11 9
1
523 -109 864 10 -11 9
1
524 -109 864 10 -11 9
1
523 -110 864 10 -11 9
1
524 -109 865 10 -11 10
1
524 -109 864 10 -11 10
1
524 -110 864 10 -11 10
1
524 -109 865 11 -11 9
1
524 -109 865 10 -11 10
1
523 -109 865 10 -11 9
1
524 -110 864 11 -11 10
1
524 -109 865 11 -11 10
1
524 -109 865 11 -11 9
1
524 -110 864 10 -11 10
1
524 -109 865 11 -11 10
1
524 -109 864 10 -11 9
1
524 -109 865 11 -11 9
1
524 -109 864 10 -11 10
1
524 -110 864 11 -11 9
1
524 -110 864 10 -11 9
1
524 -109 864 10 -11 9
1
523 -110 864 11 -11 9
1
525 -109 864 10 -11 10
1
524 -110 864 10 -11 10
1
524 -109 865 11 -11 10
1
524 -109 864 11 -11 10
1
524 -110 864 11 -11 10
1
523 -109 864 10 -11 10
1
525 -109 864 11 -11 9
1
523 -109 864 10 -11 9
1
524 -109 864 10 -11 10
1
524 -109 865 11 -11 10
1
523 -110 865 10 -11 10
1
523 -109 864 11 -10 10
1
525 -110 864 11 -11 10
1
524 -109 864 10 -11 9
1
524 -109 865 11 -11 10
1
525 -110 864 10 -11 10
1
524 -109 864 10 -11 9
1
524 -110 864 10 -11 10
1
525 -109 864 11 -11 10
1
524 -109 865 10 -11 9
1
524 -110 864 10 -11 9
1
525 -110 865 10 -11 10
1
524 -109 864 10 -11 9
1
524 -109 863 11 -11 10
1
524 -111 863 11 -11 10
1
525 -109 864 10 -11 10
1
524 -110 864 10 -11 10
1
524 -110 864 10 -11 9
1
524 -110 863 11 -11 10
1
525 -109 864 11 -11 10
1
523 -109 864 11 -11 10
1
524 -110 864 11 -11 10
1
525 -110 864 10 -11 10
1
524 -110 864 10 -11 10
1
524 -109 864 10 -11 10
1
525 -109 864 10 -11 10
1
525 -110 863 10 -11 10
1
523 -109 864 10 -11 9
1
524 -109 863 10 -11 10
1
525 -109 862 11 -11 10
1
524 -109 864 11 -11 10
1
524 -110 864 10 -11 10
1
524 -110 863 10 -11 11
1
524 -109 864 11 -11 10
1
525 -109 864 11 -11 10
1
525 -109 864 10 -11 10
1
524 -110 864 11 -11 10
1
523 -109 864 11 -11 10
1
525 -109 864 11 -11 10
1
523 -109 864 11 -11 10
1
524 -109 863 10 -11 9
1
524 -110 864 10 -11 9
1
523 -110 864 10 -11 9
1
525 -109 864 10 -11 10
1
524 -109 864 10 -11 10
1
523 -110 864 10 -11 9
1
525 -110 864 10 -11 10
1
525 -109 864 11 -11 9
1
524 -109 864 11 -11 10
1
524 -110 864 10 -11 9
1
524 -109 863 10 -11 10
1
525 -109 864 10 -11 10
1
524 -109 864 11 -11 10
1
524 -109 864 10 -11 10
1
524 -110 864 11 -11 10
1
524 -110 864 11 -11 10
1
524 -109 863 11 -11 10
1
525 -110 863 11 -11 10
1
524 -109 864 10 -11 10
1
524 -109 864 11 -11 10
1
524 -110 864 11 -11 11
1
524 -110 864 11 -11 10
1
524 -109 864 10 -11 9
1
525 -110 864 10 -11 9
1
524 -109 864 11 -11 10
1
525 -110 864 11 -11 10
1
524 -109 864 11 -11 10
1
524 -109 864 10 -11 10
1
524 -110 864 11 -11 10
1
523 -110 864 11 -11 10
1
523 -109 864 11 -11 10
1
523 -110 864 10 -11 10
1
525 -109 864 11 -11 10
1
524 -110 863 10 -11 10
1
524 -110 864 11 -11 10
1
525 -110 864 11 -11 10
1
525 -111 863 10 -11 10
1
525 -109 864 11 -11 10
1
524 -110 864 11 -11 10
1
525 -110 864 10 -11 10
1
524 -110 864 11 -11 10
1
524 -110 865 11 -11 10
1
525 -109 864 11 -10 9
1
525 -110 862 10 -11 10
1
524 -110 866 11 -10 10
1
524 -110 865 10 -10 9
1
524 -109 864 11 -11 11
1
524 -110 865 11 -11 10
1
525 -110 864 11 -11 10
1
525 -110 863 10 -11 10
1
524 -110 865 10 -11 10
1
524 -110 864 10 -11 9
1
526 -110 865 10 -11 10
1
524 -109 864 10 -11 10
1
525 -109 863 11 -11 10
1
524 -110 864 10 -11 9
1
525 -111 864 11 -11 10
1
524 -109 864 10 -11 9
1
524 -110 864 10 -11 10
1
524 -109 863 11 -11 10
1
524 -110 863 11 -11 10
1
524 -109 863 10 -11 10
1
524 -110 864 10 -11 10
1
525 -109 864 11 -11 10
1
525 -110 864 11 -11 10
1
524 -110 863 11 -11 10
1
524 -109 863 11 -11 10
1
524 -110 864 11 -11 10
1
524 -109 864 10 -11 10
1
524 -109 863 11 -11 10
1
524 -110 864 11 -11 10
1
524 -110 863 10 -11 10
1
523 -110 864 11 -11 9
1
524 -109 863 11 -11 10
1
525 -110 864 10 -11 10
1
524 -109 863 10 -11 10
1
524 -109 864 11 -11 10
1
523 -110 864 10 -11 10
1
524 -110 864 11 -11 10
1
524 -109 863 10 -11 10
1
524 -110 864 10 -11 10
1
524 -110 863 11 -11 10
1
525 -109 864 11 -11 10
1
524 -110 865 11 -10 10
1
524 -109 865 11 -11 10
1
524 -111 864 11 -10 10
1
523 -110 863 10 -11 10
1
525 -108 863 10 -11 10
1
524 -110 864 10 -11 9
1
525 -110 864 10 -11 10
1
525 -107 864 10 -11 10
1
524 -110 863 10 -11 9
1
525 -110 864 11 -11 11
1
525 -108 863 10 -11 10
1
524 -110 864 10 -11 10
1
524 -110 863 10 -11 10
1
525 -109 864 10 -11 10
1
524 -110 865 10 -11 10
1
524 -109 865 11 -11 10
1
525 -109 864 11 -11 10
1
525 -110 864 11 -11 10
1
523 -109 864 10 -11 10
1
524 -109 864 10 -11 10
1
523 -109 863 10 -11 10
1
524 -109 863 11 -11 10
1
524 -109 864 10 -11 10
1
524 -109 863 10 -11 10
1
524 -109 863 11 -11 10
1
523 -111 864 10 -10 10
1
525 -109 864 11 -11 11
1
524 -109 863 10 -11 10
1
525 -111 865 11 -10 10
1
523 -109 864 10 -11 11
1
524 -109 864 11 -11 10
1
525 -110 863 11 -11 10
1
525 -109 864 11 -11 11
1
524 -109 864 10 -11 10
1
525 -108 863 10 -11 10
1
525 -109 866 11 -10 11
1
524 -109 864 10 -10 10
1
523 -109 864 10 -11 11
1
525 -109 863 11 -11 10
1
525 -109 863 11 -11 10
1
524 -110 864 10 -11 10
1
524 -110 864 11 -11 11
1
524 -109 863 10 -11 10
1
525 -111 864 11 -11 10
1
523 -109 865 11 -10 10
1
525 -109 863 10 -11 10
1
525 -111 864 10 -11 11
1
523 -109 865 11 -11 10
1
524 -109 864 10 -11 10
1
525 -109 864 11 -11 11
1
524 -110 864 11 -11 10
1
524 -110 864 11 -11 11
1
525 -109 864 10 -11 10
1
524 -109 863 11 -11 10
1
525 -111 864 11 -10 10
1
524 -109 864 11 -10 10
1
525 -110 863 10 -10 10
1
524 -110 864 11 -11 10
1
525 -109 863 11 -11 11
1
525 -110 864 11 -11 11
1
524 -109 863 10 -11 10
1
524 -109 864 10 -11 10
1
524 -109 864 10 -10 11
1
525 -109 864 11 -11 10
1
525 -110 863 11 -11 11
1
525 -109 863 10 -10 10
1
524 -110 864 11 -11 10
1
524 -110 864 11 -10 11
1
524 -109 863 10 -11 11
1
524 -110 864 11 -10 10
1
525 -110 864 11 -11 11
1
523 -110 863 10 -11 10
1
525 -108 864 11 -11 10
1
524 -110 864 11 -11 10
1
524 -110 863 11 -11 11
1
524 -109 864 10 -11 11
1
524 -110 863 11 -11 11
1
525 -110 863 11 -11 10
1
524 -109 864 10 -11 10
1
525 -109 864 10 -11 10
1
524 -110 864 11 -10 10
1
524 -110 864 10 -10 10
1
524 -109 864 11 -11 10
1
525 -110 863 11 -11 11
1
523 -109 864 10 -11 10
1
525 -109 863 10 -10 10
1
525 -110 863 11 -10 10
1
524 -109 864 11 -11 11
1
524 -110 863 10 -10 10
1
525 -109 864 11 -11 10
1
524 -110 862 11 -11 10
1
524 -111 863 11 -10 10
1
524 -110 864 10 -11 10
1
524 -109 863 11 -10 10
1
525 -110 863 10 -11 11
1
525 -110 864 11 -11 11
1
524 -109 864 11 -11 10
1
524 -110 864 11 -11 11
1
524 -110 863 10 -11 10
1
524 -110 864 11 -11 10
1
525 -110 863 11 -11 11
1
524 -109 864 10 -11 10
1
523 -109 864 10 -10 11
1
525 -109 863 11 -11 11
1
523 -109 864 11 -11 10
1
524 -110 863 11 -11 10
1
524 -109 863 11 -11 11
1
525 -110 863 10 -10 10
1
524 -109 863 10 -10 11
1
524 -109 863 11 -11 10
1
524 -110 863 11 -11 11
1
524 -110 864 11 -11 10
1
525 -109 863 10 -11 10
1
523 -110 863 10 -11 10
1
524 -109 863 11 -11 10
1
524 -109 863 11 -11 10
1
524 -109 864 11 -11 11
1
525 -109 863 11 -11 10
1
524 -109 863 10 -10 10
1
524 -109 863 11 -11 10
1
524 -110 863 11 -11 11
1
525 -109 863 11 -11 11
1
525 -109 863 11 -11 10
1
524 -110 863 11 -11 10
1
524 -109 863 11 -11 10
1
525 -109 862 10 -11 10
1
525 -110 864 11 -10 10
1
524 -109 863 11 -11 10
1
524 -110 863 11 -11 10
1
525 -110 862 11 -11 10
1
524 -110 863 10 -10 10
1
524 -110 863 10 -11 11
1
525 -109 862 11 -11 11
1
525 -109 862 11 -10 11
1
523 -109 862 11 -10 10
1
525 -110 862 10 -11 10
1
524 -109 863 11 -11 10
1
525 -109 863 11 -11 11
1
524 -109 863 10 -11 11
1
526 -110 863 11 -11 10
1
525 -110 862 11 -10 10
1
523 -110 863 11 -11 10
1
524 -109 863 11 -11 10
1
524 -110 863 11 -11 10
1
524 -110 863 11 -11 10
1
525 -110 863 11 -11 10
1
525 -110 863 11 -11 11
1
525 -109 864 10 -10 11
1
524 -109 863 11 -10 11
1
524 -109 863 11 -11 11
1
524 -109 862 11 -11 11
1
524 -110 863 11 -10 11
1
524 -110 863 11 -10 10
1
524 -109 863 11 -10 10
1
524 -109 863 11 -11 11
1
524 -110 863 11 -10 11
1
525 -109 863 11 -11 11
1
524 -110 863 11 -11 10
1
525 -110 864 10 -11 10
1
525 -109 863 11 -11 11
1
525 -109 863 11 -10 10
1
524 -110 862 11 -11 10
1
524 -109 863 11 -11 10
1
524 -110 862 11 -10 10
1
525 -109 863 10 -11 11
1
524 -109 863 10 -10 11
1
525 -110 863 11 -11 10
1
524 -109 863 10 -11 10
1
525 -109 863 10 -11 11
1
525 -109 863 11 -11 10
1
524 -109 863 11 -10 10
1
525 -109 863 11 -11 11
1
524 -109 863 10 -11 10
1
525 -110 864 10 -10 10
1
524 -109 863 10 -11 11
1
525 -109 863 11 -11 10
1
525 -110 863 11 -11 10
1
524 -108 863 11 -10 10
1
524 -109 863 11 -11 11
1
524 -109 863 10 -11 10
1
525 -110 863 11 -11 11
1
525 -109 862 11 -11 10
1
524 -108 863 11 -11 10
1
524 -110 864 10 -10 11
1
524 -109 864 10 -11 11
1
524 -110 863 11 -11 10
1
525 -110 864 11 -10 10
1
525 -110 863 10 -10 11
1
524 -110 864 10 -11 10
1
525 -109 864 11 -10 10
1
525 -109 864 11 -10 10
1
525 -109 864 11 -11 11
1
525 -109 864 11 -11 10
1
524 -109 864 11 -11 10
1
524 -109 863 11 -11 10
1
525 -109 863 11 -11 10
1
524 -110 863 11 -10 10
1
524 -109 863 10 -11 10
1
525 -109 862 11 -11 11
1
524 -110 863 10 -10 10
1
524 -110 863 11 -11 11
1
525 -109 863 11 -10 11
1
524 -110 862 11 -10 10
1
524 -110 862 10 -11 10
1
524 -109 863 11 -10 10
1
524 -109 863 10 -10 11
1
524 -110 863 11 -10 11
1
525 -109 862 11 -10 11
1
524 -110 863 11 -11 11
1
524 -110 863 11 -11 10
1
525 -109 862 11 -10 11
1
524 -110 864 11 -11 10
1
525 -109 863 10 -11 11
1
524 -110 863 11 -11 10
1
524 -109 863 11 -10 11
1
524 -109 863 11 -11 10
1
524 -109 863 11 -11 11
1
524 -109 863 11 -11 11
1
524 -110 863 11 -10 10
1
526 -109 863 10 -11 10
1
524 -110 863 11 -10 11
1
525 -110 863 11 -10 11
1
523 -110 864 10 -11 10
1
524 -109 863 11 -11 11
1
524 -110 864 11 -11 11
1
523 -110 863 11 -11 10
1
524 -110 862 11 -11 11
1
524 -109 863 11 -11 11
1
525 -110 863 11 -11 10
1
525 -109 864 10 -10 11
1
524 -110 863 11 -11 11
1
525 -109 864 11 -10 11
1
525 -110 863 11 -11 10
1
524 -110 863 10 -11 10
1
523 -109 864 11 -11 11
1
525 -111 863 10 -10 11
1
524 -109 863 11 -11 10
1
524 -110 863 11 -10 10
1
524 -110 863 11 -11 11
1
526 -109 863 11 -11 11
1
525 -110 863 11 -11 11
1
525 -110 862 11 -11 10
1
525 -110 862 11 -10 11
1
525 -109 863 11 -11 11
1
525 -110 864 11 -10 11
1
525 -110 862 11 -10 10
1
524 -109 862 11 -11 10
1
524 -109 863 10 -10 11
1
524 -109 863 11 -10 11
1
525 -110 863 11 -11 11
1
524 -109 863 11 -11 10
1
524 -109 864 11 -10 11
1
524 -110 862 11 -11 11
1
524 -109 863 11 -10 10
1
524 -110 862 11 -11 11
1
524 -109 862 10 -11 11
1
525 -109 863 10 -11 11
1
525 -109 863 11 -10 11
1
524 -109 863 10 -11 11
1
524 -110 863 11 -11 10
1
525 -110 864 11 -11 11
1
524 -110 863 11 -10 10
1
525 -110 862 11 -11 10
1
524 -110 862 10 -10 10
1
525 -109 863 11 -10 10
1
525 -110 863 11 -10 11
1
524 -109 862 11 -10 10
1
524 -110 863 11 -11 10
1
525 -110 863 11 -11 10
1
524 -109 864 11 -10 11
1
525 -110 864 11 -11 10
1
526 -110 862 10 -10 10
1
525 -109 863 11 -11 11
1
524 -110 863 10 -11 10
1
525 -110 863 11 -10 11
1
524 -109 863 11 -11 10
1
524 -109 863 10 -11 11
1
524 -109 864 10 -11 10
1
525 -109 863 11 -10 11
1
524 -110 863 10 -11 11
1
524 -110 864 11 -10 11
1
525 -109 863 11 -11 10
1
524 -109 863 10 -11 10
1
524 -109 863 11 -10 10
1
525 -109 864 11 -10 11
1
524 -109 863 10 -11 10
1
525 -110 863 11 -10 10
1
524 -110 862 11 -11 11
1
524 -110 864 11 -11 10
1
524 -110 864 11 -11 10
1
525 -110 863 11 -10 11
1
525 -109 862 10 -11 11
1
523 -109 863 11 -11 10
1
524 -109 864 11 -10 10
1
525 -110 863 10 -11 11
1
525 -109 863 11 -10 10
1
524 -110 865 11 -11 11
1
523 -112 862 11 -11 11
1
524 -109 863 10 -11 11
1
525 -108 862 11 -11 11
1
524 -110 863 11 -10 11
1
525 -109 863 10 -11 11
1
524 -110 862 10 -10 11
1
524 -110 862 10 -11 11
1
524 -109 863 10 -10 11
1
524 -111 863 11 -11 11
1
525 -110 862 11 -10 11
1
524 -109 862 10 -10 10
1
525 -110 863 11 -11 11
1
525 -109 863 10 -11 10
1
524 -108 863 11 -10 11
1
524 -110 863 11 -11 10
1
524 -108 862 11 -11 11
1
524 -110 863 10 -11 10
1
525 -109 862 11 -11 11
1
524 -109 863 11 -11 11
1
525 -109 863 10 -11 11
1
525 -109 862 10 -11 11
1
524 -109 863 10 -11 11
1
525 -110 864 11 -10 11
1
525 -110 863 11 -11 10
1
524 -109 864 11 -10 11
1
